-0.0113928392529
-0.0109237609431
-0.0429258719087
-0.0128156570718
-0.0624621808529
-0.0636596530676
0.0314593054354
0.0173670575023
-0.0233981925994
-0.0520837269723
-0.00839159358293
-0.0832909420133
-0.0669726580381
-0.000218496017624
-0.0304281227291
-0.041797939688
-0.00744858011603
-0.0708356872201
-0.0652627646923
-0.0689766183496
-0.076460018754
-0.072405859828
-0.110963210464
-0.0228451490402
0.023335294798
-0.0593414604664
-0.0714082345366
0.00676838727668
-0.115127846599
-0.0644554570317
-0.0656730160117
-0.071559406817
-0.0596115104854
-0.0433168187737
-0.0700823441148
-0.0697535052896
-0.0524361357093
-0.0346719957888
0.0680093243718
-0.078716725111
-0.0684731528163
-0.0150766856968
-0.0442233420908
-0.0400075465441
-0.04178622365
0.00289742997847
-0.0731428787112
-0.0841722115874
-0.0520448870957
-0.0806538537145
