0.00469879014418
0.000255291815847
0.00494369631633
0.00207406515256
0.00673061888665
-0.00104439398274
0.00342398253269
-0.00190083903726
-0.00605584355071
-0.000368513545254
0.00359107297845
-0.00450948625803
0.00695806136355
0.00252965069376
-0.00417888583615
0.00225073262118
0.000774496991653
0.00512641109526
-8.87901042006e-05
0.00186485715676
0.0148709006608
0.00347124016844
0.0052589145489
0.00190473138355
0.00170815130696
0.00246659736149
-0.00219707819633
-0.00283580762334
0.00290466984734
0.00170996692032
0.0079391412437
-0.00501604704186
0.0049230530858
0.000412930501625
-0.00548891536891
0.00599274458364
0.00605900539085
-0.0035241455771
-0.00424520252272
0.00552819063887
0.00151688582264
0.00384784862399
0.00111661478877
-0.00143068982288
0.00203105574474
-0.00637090951204
-0.00328699848615
-0.00588412303478
-0.00259899068624
0.000661838450469
-0.0109975673258
0.00910133123398
-0.00613183993846
-0.00351769221015
0.00397167075425
3.43630890711e-05
0.000122729921713
-0.00158323522191
0.00681474804878
-0.0101464511827
0.00593970390037
-0.0015864915913
0.00161975016817
0.0143922464922
0.0074978293851
-0.00112240260933
0.00885176006705
0.00115010060836
0.00420301780105
-0.000637104327325
-0.000564511865377
-0.00406297296286
0.00409160880372
-0.000855024030898
-0.00213002157398
-0.00974365975708
8.18603148218e-05
0.00446855509654
-0.00620574783534
0.011271041818
-0.0026287198998
0.00560329854488
0.00146832072642
0.00497436709702
0.00340142659843
0.00102538056672
-0.000887546746526
-0.00261313817464
0.00383738288656
-0.00802418868989
0.00138004752807
-0.00488227652386
-0.00137312605511
0.00747770210728
-0.00404215045273
0.00681696971878
-0.00291159120388
-0.00884736701846
0.00278625125065
0.00481899641454
-0.0108952624723
0.000608081871178
-0.00144420436118
-0.000978955300525
0.00666530663148
-0.00132356001996
-0.00447548925877
0.00810013432056
-0.00615233182907
-0.00505466293544
0.00241349916905
-0.000875813188031
-0.00460173841566
-0.00192083825823
0.000229963727179
-0.00158506503794
0.00347589678131
-0.00401909044012
0.00386952399276
0.00451432587579
-0.000472053739941
0.00101645407267
-0.00302237737924
-0.011381579563
-0.00278640165925
-0.0076205926016
-0.00854746531695
0.00132374011446
0.00113775138743
-0.00212473724969
0.00101956713479
-0.00538597209379
-0.00391224119812
-0.00289894873276
-0.00436982745305
0.00335073587485
-0.00176558049861
0.00635818066075
0.00150793790817
-0.0042388108559
0.00588085735217
0.000732957792934
-0.0159179270267
-0.00215980294161
-0.00215187761933
-0.000414408073993
-0.0019111019792
-0.000664877938107
0.00905315391719
-0.00159380305558
0.0106406873092
-0.00298829725944
0.000869618495926
-0.00101766246371
-0.00155376840848
-0.00152208923828
0.0041844220832
0.00601493567228
-0.00403554085642
-0.00874847080559
-0.00595250260085
-0.000898856320418
-0.00296468357556
-0.000480684742797
0.00297755608335
-0.00807529035956
0.000170083658304
0.000924802327063
-0.00435243966058
-0.00772346090525
-0.000561917200685
0.00321384915151
-0.00178423849866
-0.0038654806558
-0.00467987637967
0.000733938242774
0.0101851820946
-0.00367315602489
-0.00417838711292
-0.00462036486715
0.00101291306783
-0.00601661251858
-0.00609268201515
-0.00168187718373
-0.000929663656279
-0.0014083001297
0.00120794901159
-0.000741167052183
-0.00489542260766
0.0195334311575
-0.000385603867471
0.00169980723877
-0.00530203664675
-8.4999257524e-05
0.00319776055403
-0.00116099754814
-0.00417428836226
-0.00804646499455
-0.00546418596059
-0.00282426853664
0.00442320760339
0.000593298580498
0.00267807231285
0.00186746986583
-0.00448796758428
-0.00305931060575
-0.000501458591316
0.00252550654113
-0.00231355009601
0.00294830836356
0.00194593891501
-0.00726999621838
-0.00343223800883
0.00109543220606
0.00215939362533
0.00571244210005
-0.00826536584646
0.00270399567671
-0.00852297712117
-0.00290507497266
-0.00287284259684
-0.000995850539766
-0.00536958593875
0.0115382801741
0.00238774251193
0.00265963072889
0.00153142632917
-0.013189021498
0.000826423522085
0.00169787218329
-0.00490024173632
0.00129444245249
-0.000860856147483
0.00898426678032
-0.00464407540858
0.000432190485299
0.00830857083201
-0.00661415280774
0.00874933321029
0.000270043499768
-0.000773276027758
-0.00115563755389
-0.0064567970112
5.94431694481e-05
0.00498525099829
0.00610838178545
0.0019860828761
3.86323736166e-05
-0.00600289180875
-0.00373702077195
-0.00441480567679
0.00470990175381
0.00314879859798
-0.000402910489356
0.000110606808448
-0.00355544150807
0.00115790369455
-0.00378099363297
0.00403050845489
-0.00147527840454
0.000588817812968
-0.0032775211148
-0.0041923080571
0.000352260656655
-0.00540335150436
-0.00581246707588
0.0045384503901
0.00232260883786
0.00342373992316
-0.00251478492282
0.00344635848887
0.00441930443048
0.00128460349515
-0.00194240093697
-0.00568985054269
0.00263656442985
0.000479035574244
-0.00145515974145
0.00853567570448
0.00320258666761
-0.0037511207629
-0.0102308634669
0.0097660170868
-0.00599450385198
0.0028464908246
-0.00184233463369
-0.00636461749673
-0.00183851073962
0.00226393807679
0.00603638822213
-0.000428253755672
0.00344668375328
0.00309949624352
-0.00356889260001
0.0104915406555
-0.000315313576721
0.00503630144522
-0.000505605246872
-0.00549201015383
0.0107226418331
-0.00545540917665
0.00388661352918
-0.00245197489858
-0.00403568940237
-0.00458397669718
-0.00626608217135
-0.00281868153252
0.00320229167119
-0.00259830104187
0.00412828754634
0.00668107997626
-0.000903521839064
-0.00197465415113
-0.00601447327062
0.000246898591286
-0.00285231415182
-0.000646992470138
0.00616856617853
0.000876289443113
-0.00611123628914
-0.00102512794547
0.00397773226723
0.000926252803765
-0.000157207672601
-0.00131799140945
0.00346376164816
0.00429595075548
-0.00611844845116
0.0067292121239
-0.00433654431254
-0.0154876038432
0.00287515087985
0.00346265709959
-0.000618561403826
-0.00357817299664
0.00101538887247
0.00120837928262
-0.00356603786349
0.00575650064275
-0.00265374104492
-0.00480657070875
-0.00391477625817
0.00143172591925
-0.000953999988269
0.00614294130355
-0.00699784094468
0.0053777191788
-0.00197364808992
-0.000907298061065
0.00711763184518
-0.00248249317519
-0.0104516614228
0.00158559984993
-0.00522336596623
0.00400978093967
-0.00292946142145
-0.00257440330461
0.00153894245159
-0.00320330541581
-0.00903833378106
0.00704232230783
0.00667009456083
0.000403605605243
-0.000655229378026
0.00106216478162
-0.00912764575332
-0.00101515615825
0.00206354190595
-0.00320047372952
0.00150992698036
0.00305330450647
-0.00667776959017
0.0017282248009
-0.00458404887468
-0.0053204218857
-5.97533289692e-05
0.0021123518236
0.0071061020717
0.00530752632767
-0.000715288391802
-0.00121017138008
-0.00506178895012
0.00588200893253
-0.00249515241012
-0.0061469594948
-0.00424114428461
-0.000666330510285
0.00694928178564
0.00402896758169
0.0107729425654
0.00376650341786
0.00343659031205
-0.000328948372044
-0.0024471594952
-0.00100948964246
-0.00492994859815
-0.00193194730673
-0.0113339321688
-0.007897131145
0.00120849104133
0.0045440918766
-0.00904220715165
-0.002372630639
-0.0030305578839
-0.00254907784984
0.00206614029594
0.0075123119168
0.00155392102897
0.00879676267505
0.00022297965188
-0.00128059752751
0.0114651899785
0.000642101455014
-0.000500182097312
0.00104724930134
0.0086467647925
0.000221603302634
-0.00753404852003
0.00499202637002
0.00431844592094
0.00302484747954
-0.00365783064626
0.00565774226561
-0.00310439919122
0.0162918549031
-0.000746531994082
-0.00064250943251
0.00186210707761
0.00219018221833
0.00459991535172
-0.00467548286542
-0.00146647158545
-0.00176728283986
0.0118759898469
-0.00276470230892
-0.000800031295512
0.000763093470596
0.000436447880929
-0.00305186444893
0.00206458917819
-0.00106410798617
-0.00243254890665
-0.00625551259145
-0.00369363417849
-0.00702334241942
0.00738938199356
0.00778207089752
-0.0136777032167
-0.00412683002651
-0.00143068970647
0.00540721137077
-0.0020157143008
-0.00195672106929
0.00503006344661
-0.00306026358157
-0.00101962452754
-0.00805399101228
0.00155343848746
-0.000926676264498
0.00257706036791
-0.00346702686511
0.00266178115271
0.00810110289603
0.00668797222897
0.00668744882569
0.00296379206702
0.00546023529023
-0.00470582162961
-0.00111472990829
0.00192504760344
0.0065135746263
0.000962316407822
-0.000964167003985
0.00368331745267
-0.00532202981412
0.00547025492415
0.00207641045563
-0.000111783236207
-0.00135068467353
-0.00357323489152
-0.00289143901318
0.000505478528794
-0.00397158227861
-0.00358577840962
-0.00198057037778
0.00435033999383
0.0101658636704
0.00022406638891
0.00127125543077
-0.00168500677682
-0.00175906240474
-0.00261756265536
-9.11489769351e-06
0.00207291450351
-1.5422636352e-05
0.00633558491245
0.00297488598153
0.0076370537281
-0.00519941700622
0.00509864883497
